     17 10.0
     30 9.9
     25 9.8
     19 9.7
     34 9.6
     15 9.5
     26 9.4
     19 9.3
     27 9.2
     28 9.1
      3 9e-99
      1 9e-98
      3 9e-97
      6 9e-95
      3 9e-94
      1 9e-93
      1 9e-92
      5 9e-91
      2 9e-90
      1 9e-89
      5 9e-87
      1 9e-86
      6 9e-85
      4 9e-84
      3 9e-83
      4 9e-82
      3 9e-81
      6 9e-80
      3 9e-79
      3 9e-78
      2 9e-77
      2 9e-76
      4 9e-75
      5 9e-74
      3 9e-73
      4 9e-72
      2 9e-71
      4 9e-70
      1 9e-69
      4 9e-68
      4 9e-67
      7 9e-66
      2 9e-65
      1 9e-64
      4 9e-63
      5 9e-62
      6 9e-61
      6 9e-60
      2 9e-59
      2 9e-58
      8 9e-57
      6 9e-56
      3 9e-55
      4 9e-54
      5 9e-53
      3 9e-52
      1 9e-51
      3 9e-50
      3 9e-49
      3 9e-48
      3 9e-47
      7 9e-46
      3 9e-45
      9 9e-44
      2 9e-43
      8 9e-42
      6 9e-41
      6 9e-40
      7 9e-39
      8 9e-38
      6 9e-37
      9 9e-36
      4 9e-35
      9 9e-34
      8 9e-33
      9 9e-32
      6 9e-31
      4 9e-30
     11 9e-29
     11 9e-28
      5 9e-27
     11 9e-26
      7 9e-25
      7 9e-24
     12 9e-23
      3 9e-22
     10 9e-21
      6 9e-20
     14 9e-19
     17 9e-18
      1 9e-177
      1 9e-176
      1 9e-175
      1 9e-174
      1 9e-173
      1 9e-172
      2 9e-171
      2 9e-170
     16 9e-17
      1 9e-168
      2 9e-166
      3 9e-165
      2 9e-164
      2 9e-162
      1 9e-161
     15 9e-16
      1 9e-159
      1 9e-158
      1 9e-156
      1 9e-155
      1 9e-152
     13 9e-15
      1 9e-149
      1 9e-148
      2 9e-147
      3 9e-146
      2 9e-145
      1 9e-144
      1 9e-143
      1 9e-142
      2 9e-141
      2 9e-140
     17 9e-14
      3 9e-139
      2 9e-136
      3 9e-134
      1 9e-131
      2 9e-130
     12 9e-13
      1 9e-129
      3 9e-126
      2 9e-125
      1 9e-124
      3 9e-123
      1 9e-122
      1 9e-120
     11 9e-12
      1 9e-119
      2 9e-118
      2 9e-116
      2 9e-114
      3 9e-113
      1 9e-112
      2 9e-111
     11 9e-11
      2 9e-109
      1 9e-108
      2 9e-107
      2 9e-106
      1 9e-105
      1 9e-104
      2 9e-103
      2 9e-101
      1 9e-100
     11 9e-10
     19 9e-09
     14 9e-08
     11 9e-07
     11 9e-06
     32 9e-05
     10 9e-04
     35 9.0
     31 8.9
     35 8.8
     26 8.7
     22 8.6
     30 8.5
     30 8.4
     32 8.3
     27 8.2
     35 8.1
      3 8e-99
      4 8e-98
      5 8e-96
      2 8e-95
      1 8e-94
      2 8e-92
      5 8e-90
      4 8e-89
      1 8e-88
      3 8e-87
      3 8e-85
      3 8e-84
      3 8e-83
      1 8e-82
      4 8e-81
      2 8e-80
      2 8e-79
      1 8e-78
      3 8e-77
      4 8e-76
      6 8e-75
      3 8e-74
      4 8e-73
      3 8e-72
      5 8e-71
      4 8e-70
      2 8e-69
      5 8e-68
      9 8e-67
      4 8e-66
      6 8e-65
      3 8e-64
      1 8e-63
      8 8e-62
      9 8e-61
      2 8e-60
      4 8e-59
     12 8e-58
      3 8e-57
      5 8e-56
      3 8e-55
      3 8e-54
      5 8e-53
      8 8e-52
      2 8e-51
      6 8e-50
      6 8e-49
      4 8e-48
      5 8e-47
      6 8e-46
      6 8e-45
      6 8e-44
      8 8e-43
      4 8e-42
      9 8e-41
      7 8e-40
      5 8e-39
      5 8e-38
      8 8e-37
      7 8e-36
     10 8e-35
     12 8e-34
     10 8e-33
      8 8e-32
      2 8e-31
      5 8e-30
      9 8e-29
      7 8e-28
      7 8e-27
      6 8e-26
     10 8e-25
     12 8e-24
      6 8e-23
      9 8e-22
     19 8e-21
      9 8e-20
     10 8e-19
      1 8e-180
      4 8e-18
      2 8e-178
      1 8e-177
      1 8e-175
      1 8e-174
      2 8e-172
      2 8e-171
      1 8e-170
     13 8e-17
      1 8e-169
      2 8e-168
      1 8e-167
      2 8e-166
      2 8e-165
      1 8e-164
      1 8e-163
      3 8e-162
      1 8e-161
      3 8e-160
     16 8e-16
      3 8e-159
      1 8e-157
      2 8e-152
      1 8e-150
     13 8e-15
      2 8e-149
      4 8e-148
      2 8e-144
      2 8e-143
      3 8e-142
      1 8e-141
      2 8e-140
     20 8e-14
      3 8e-139
      1 8e-138
      3 8e-136
      1 8e-135
      1 8e-134
      3 8e-131
     22 8e-13
      2 8e-128
      1 8e-127
      2 8e-126
      3 8e-125
      2 8e-124
      1 8e-123
      1 8e-122
      2 8e-121
      1 8e-120
     11 8e-12
      1 8e-119
      3 8e-117
      3 8e-114
      3 8e-113
      2 8e-112
      2 8e-111
      2 8e-110
     16 8e-11
      1 8e-109
      2 8e-108
      4 8e-106
      3 8e-105
      2 8e-104
      1 8e-102
      1 8e-101
      2 8e-100
     16 8e-10
     12 8e-09
     12 8e-08
     17 8e-07
     24 8e-06
     19 8e-05
     38 8e-04
     37 8.0
     35 7.9
     50 7.8
     36 7.7
     38 7.6
     36 7.5
     35 7.4
     40 7.3
     39 7.2
     46 7.1
      4 7e-99
      1 7e-98
      3 7e-97
      3 7e-96
      4 7e-95
      1 7e-94
      2 7e-93
      5 7e-92
      6 7e-91
      2 7e-90
      3 7e-89
      2 7e-87
      4 7e-86
      2 7e-85
      1 7e-84
      3 7e-83
      3 7e-82
      6 7e-81
      9 7e-80
      9 7e-79
      6 7e-77
      5 7e-76
      5 7e-75
      5 7e-74
      2 7e-73
      2 7e-72
      2 7e-71
      9 7e-70
      5 7e-69
      4 7e-68
      2 7e-67
      1 7e-66
      5 7e-65
      2 7e-64
      7 7e-63
      5 7e-62
      6 7e-61
      4 7e-60
      6 7e-59
      5 7e-58
      6 7e-57
      7 7e-56
      7 7e-55
      7 7e-54
      3 7e-53
     10 7e-52
      8 7e-51
      8 7e-50
      7 7e-49
      7 7e-48
     10 7e-47
      8 7e-46
      9 7e-45
      7 7e-44
     12 7e-43
      9 7e-42
      5 7e-41
     10 7e-40
      3 7e-39
      6 7e-38
      8 7e-37
      5 7e-36
      6 7e-35
      8 7e-34
     13 7e-33
     13 7e-32
     10 7e-31
      4 7e-30
     10 7e-29
     16 7e-28
      9 7e-27
     14 7e-26
      7 7e-25
     12 7e-24
     12 7e-23
      8 7e-22
     12 7e-21
     10 7e-20
     16 7e-19
      2 7e-180
     13 7e-18
      2 7e-178
      2 7e-177
      1 7e-176
      1 7e-174
      2 7e-173
      2 7e-172
      1 7e-170
     13 7e-17
      1 7e-167
      2 7e-165
      1 7e-164
      2 7e-163
      1 7e-162
      2 7e-161
      2 7e-160
     17 7e-16
      4 7e-159
      1 7e-158
      2 7e-157
      2 7e-156
      2 7e-155
      1 7e-154
      1 7e-153
      2 7e-152
      3 7e-151
      1 7e-150
     23 7e-15
      1 7e-148
      1 7e-147
      3 7e-146
      1 7e-145
      3 7e-144
      1 7e-142
      3 7e-140
     16 7e-14
      3 7e-139
      1 7e-138
      2 7e-136
      3 7e-135
      2 7e-134
      1 7e-133
      1 7e-130
     21 7e-13
      1 7e-127
      1 7e-126
      3 7e-125
      3 7e-124
      2 7e-122
      4 7e-121
     17 7e-12
      1 7e-119
      5 7e-118
      2 7e-117
      4 7e-116
      1 7e-115
      1 7e-114
      2 7e-113
      1 7e-112
      4 7e-111
      1 7e-110
     16 7e-11
      1 7e-109
      2 7e-108
      4 7e-106
      4 7e-105
      3 7e-104
      3 7e-103
      2 7e-101
      5 7e-100
     16 7e-10
     14 7e-09
     15 7e-08
     20 7e-07
     23 7e-06
     24 7e-05
     18 7e-04
     49 7.0
     43 6.9
     35 6.8
     35 6.7
     44 6.6
     42 6.5
     48 6.4
     41 6.3
     44 6.2
     50 6.1
      3 6e-99
      2 6e-98
      3 6e-97
      1 6e-96
      2 6e-95
      7 6e-94
      3 6e-93
      1 6e-92
      4 6e-91
      1 6e-90
      3 6e-89
      2 6e-88
      7 6e-87
      3 6e-86
      6 6e-85
      3 6e-84
      7 6e-83
      2 6e-82
      5 6e-81
      6 6e-80
      4 6e-79
      2 6e-78
      8 6e-77
      3 6e-76
      4 6e-75
      5 6e-74
      2 6e-73
      2 6e-72
      7 6e-71
      5 6e-70
      6 6e-69
      4 6e-68
      3 6e-67
      6 6e-66
      3 6e-65
      2 6e-64
     12 6e-63
      9 6e-62
      4 6e-61
      4 6e-60
      3 6e-59
     12 6e-58
      7 6e-57
      7 6e-56
      4 6e-55
      4 6e-54
      7 6e-53
      9 6e-52
      9 6e-51
      8 6e-50
     12 6e-49
      6 6e-48
      5 6e-47
     11 6e-46
     11 6e-45
      3 6e-44
     11 6e-43
      5 6e-42
     11 6e-41
     12 6e-40
      5 6e-39
      8 6e-38
      8 6e-37
     11 6e-36
      6 6e-35
     13 6e-34
     12 6e-33
      8 6e-32
     11 6e-31
     12 6e-30
      9 6e-29
     14 6e-28
     10 6e-27
     13 6e-26
      9 6e-25
     18 6e-24
     16 6e-23
     19 6e-22
     19 6e-21
     13 6e-20
     11 6e-19
      1 6e-180
     14 6e-18
      1 6e-179
      1 6e-178
      6 6e-177
      1 6e-175
      1 6e-172
      2 6e-171
     20 6e-17
      2 6e-169
      1 6e-167
      2 6e-166
      4 6e-165
      2 6e-163
      1 6e-162
      2 6e-161
      1 6e-160
     16 6e-16
      1 6e-159
      1 6e-158
      2 6e-157
      3 6e-155
      1 6e-154
      2 6e-153
      3 6e-152
      3 6e-150
     17 6e-15
      2 6e-148
      1 6e-147
      1 6e-146
      3 6e-145
      5 6e-144
      1 6e-143
      2 6e-142
      1 6e-141
      1 6e-140
     14 6e-14
      4 6e-139
      2 6e-138
      3 6e-136
      2 6e-135
      1 6e-134
      3 6e-132
      3 6e-131
     24 6e-13
      1 6e-129
      1 6e-128
      1 6e-127
      1 6e-126
      3 6e-125
      5 6e-124
      2 6e-122
      3 6e-121
      3 6e-120
     22 6e-12
      2 6e-119
      2 6e-118
      1 6e-117
      1 6e-116
      2 6e-115
      4 6e-114
      4 6e-113
      1 6e-112
      1 6e-111
      2 6e-110
     19 6e-11
      4 6e-109
      4 6e-106
      4 6e-105
      5 6e-103
      5 6e-102
      5 6e-101
      3 6e-100
     23 6e-10
     23 6e-09
     16 6e-08
     14 6e-07
     30 6e-06
     25 6e-05
     25 6e-04
     45 6.0
     50 5.9
     52 5.8
     40 5.7
     60 5.6
     49 5.5
     54 5.4
     35 5.3
     53 5.2
     57 5.1
      4 5e-99
      3 5e-98
      2 5e-97
      4 5e-96
      3 5e-95
      1 5e-94
      5 5e-93
      1 5e-92
      2 5e-91
      6 5e-90
      3 5e-89
      4 5e-88
      1 5e-87
      2 5e-86
      3 5e-85
      3 5e-84
      3 5e-83
      6 5e-82
      2 5e-81
      7 5e-80
     10 5e-79
      3 5e-78
      7 5e-77
      4 5e-76
      4 5e-75
      6 5e-74
      4 5e-73
      3 5e-72
      5 5e-71
      6 5e-70
      3 5e-69
      8 5e-68
      4 5e-67
      4 5e-66
      5 5e-65
      2 5e-64
      2 5e-63
     11 5e-62
      4 5e-61
      2 5e-60
      3 5e-59
     11 5e-58
      7 5e-57
     12 5e-56
      4 5e-55
      7 5e-54
     11 5e-53
      5 5e-52
      5 5e-51
      9 5e-50
      8 5e-49
      4 5e-48
      5 5e-47
     12 5e-46
      6 5e-45
      9 5e-44
      8 5e-43
      5 5e-42
      8 5e-41
     12 5e-40
     15 5e-39
     11 5e-38
      7 5e-37
     12 5e-36
     12 5e-35
      6 5e-34
     15 5e-33
     20 5e-32
      9 5e-31
      9 5e-30
     20 5e-29
     18 5e-28
     13 5e-27
     16 5e-26
     19 5e-25
     12 5e-24
     22 5e-23
     14 5e-22
     16 5e-21
     20 5e-20
     11 5e-19
      1 5e-180
     11 5e-18
      4 5e-179
      1 5e-178
      3 5e-177
      1 5e-176
      2 5e-174
      1 5e-173
      1 5e-172
      1 5e-171
      4 5e-170
     23 5e-17
      1 5e-169
      1 5e-168
      2 5e-167
      1 5e-166
      2 5e-165
      5 5e-164
      3 5e-163
      3 5e-162
      1 5e-161
      4 5e-160
     18 5e-16
      2 5e-159
      1 5e-158
      1 5e-157
      1 5e-156
      2 5e-155
      2 5e-154
      1 5e-153
      1 5e-152
      1 5e-151
      2 5e-150
     15 5e-15
      2 5e-149
      3 5e-148
      3 5e-146
      4 5e-145
      2 5e-144
      2 5e-143
      3 5e-142
      2 5e-141
      3 5e-140
     22 5e-14
      1 5e-139
      5 5e-138
      2 5e-137
      3 5e-136
      1 5e-135
      1 5e-134
      4 5e-133
      2 5e-132
      2 5e-131
      3 5e-130
     25 5e-13
      1 5e-129
      4 5e-126
      3 5e-125
      3 5e-124
      2 5e-123
      2 5e-122
      1 5e-121
      3 5e-120
     31 5e-12
      4 5e-119
      4 5e-118
      3 5e-117
      1 5e-116
      3 5e-115
      4 5e-114
      1 5e-113
      1 5e-111
      2 5e-110
     25 5e-11
      2 5e-109
      2 5e-108
      2 5e-107
      3 5e-106
      4 5e-105
      6 5e-104
      3 5e-103
      2 5e-102
      1 5e-101
      2 5e-100
     22 5e-10
     27 5e-09
     27 5e-08
     34 5e-07
     47 5e-06
     42 5e-05
     42 5e-04
     46 5.0
     55 4.9
     62 4.8
     54 4.7
     52 4.6
     48 4.5
     78 4.4
     64 4.3
     54 4.2
     82 4.1
      4 4e-99
      3 4e-98
      5 4e-97
      9 4e-96
      7 4e-95
      5 4e-94
      5 4e-93
      5 4e-92
      5 4e-91
      3 4e-90
      2 4e-89
      7 4e-88
      3 4e-87
      6 4e-86
      4 4e-85
      1 4e-84
      3 4e-83
      4 4e-82
      6 4e-81
      8 4e-80
      6 4e-79
      5 4e-78
      7 4e-77
      9 4e-76
      4 4e-75
      7 4e-74
      6 4e-73
      5 4e-72
      3 4e-71
      6 4e-70
      7 4e-69
      5 4e-68
     11 4e-67
     18 4e-66
     10 4e-65
      7 4e-64
      6 4e-63
      8 4e-62
      7 4e-61
     10 4e-60
     12 4e-59
     11 4e-58
      7 4e-57
      7 4e-56
     10 4e-55
      7 4e-54
     10 4e-53
     11 4e-52
      6 4e-51
      7 4e-50
     13 4e-49
      8 4e-48
     10 4e-47
     12 4e-46
     17 4e-45
     12 4e-44
     15 4e-43
     12 4e-42
     18 4e-41
     12 4e-40
     18 4e-39
     19 4e-38
     20 4e-37
      9 4e-36
     14 4e-35
     21 4e-34
     22 4e-33
     20 4e-32
     14 4e-31
     20 4e-30
     17 4e-29
     25 4e-28
     26 4e-27
     18 4e-26
     20 4e-25
     22 4e-24
     23 4e-23
     24 4e-22
     24 4e-21
     22 4e-20
     16 4e-19
     25 4e-18
      2 4e-179
      1 4e-178
      1 4e-177
      2 4e-176
      2 4e-175
      2 4e-173
      1 4e-171
     23 4e-17
      2 4e-169
      2 4e-168
      2 4e-167
      1 4e-166
      2 4e-164
      2 4e-163
      3 4e-161
      2 4e-160
     23 4e-16
      2 4e-159
      5 4e-158
      2 4e-157
      2 4e-155
      2 4e-154
      2 4e-153
      5 4e-152
      1 4e-151
      1 4e-150
     21 4e-15
      2 4e-149
      8 4e-148
      2 4e-147
      3 4e-146
      5 4e-145
      1 4e-144
      2 4e-143
      4 4e-142
      1 4e-141
      3 4e-140
     24 4e-14
      3 4e-139
      3 4e-138
      4 4e-137
      4 4e-136
      2 4e-135
      5 4e-134
      5 4e-133
      6 4e-132
      3 4e-131
      1 4e-130
     22 4e-13
      1 4e-129
      3 4e-128
      2 4e-127
      7 4e-126
      5 4e-125
      7 4e-124
      1 4e-123
      3 4e-122
      7 4e-121
      6 4e-120
     29 4e-12
      5 4e-119
      6 4e-118
      2 4e-117
      4 4e-116
      4 4e-115
      1 4e-114
      5 4e-113
      3 4e-112
      1 4e-111
      4 4e-110
     35 4e-11
      2 4e-109
      2 4e-108
      5 4e-107
      2 4e-106
      4 4e-105
      3 4e-104
      5 4e-103
      2 4e-101
      1 4e-100
     35 4e-10
     35 4e-09
     33 4e-08
     30 4e-07
     42 4e-06
     41 4e-05
     49 4e-04
     64 4.0
     62 3.9
     77 3.8
     56 3.7
     67 3.6
     70 3.5
     80 3.4
     67 3.3
     75 3.2
     83 3.1
      5 3e-99
      2 3e-98
      5 3e-97
      7 3e-96
      6 3e-95
      7 3e-94
      8 3e-93
      5 3e-92
      6 3e-91
      3 3e-90
      2 3e-89
      8 3e-88
      4 3e-87
      3 3e-86
      6 3e-85
      4 3e-84
      4 3e-83
     17 3e-82
     12 3e-81
      9 3e-80
     10 3e-79
     10 3e-78
     11 3e-77
      8 3e-76
      9 3e-75
     13 3e-74
      9 3e-73
      6 3e-72
      8 3e-71
      8 3e-70
      8 3e-69
      5 3e-68
     11 3e-67
      7 3e-66
     10 3e-65
     11 3e-64
     12 3e-63
     15 3e-62
     14 3e-61
     13 3e-60
      6 3e-59
     21 3e-58
     12 3e-57
     17 3e-56
     15 3e-55
     16 3e-54
     20 3e-53
     11 3e-52
     13 3e-51
     10 3e-50
     13 3e-49
     14 3e-48
     19 3e-47
     16 3e-46
     35 3e-45
     13 3e-44
     12 3e-43
     13 3e-42
     16 3e-41
     16 3e-40
     24 3e-39
     19 3e-38
     19 3e-37
     16 3e-36
     15 3e-35
     18 3e-34
     24 3e-33
     15 3e-32
     35 3e-31
     10 3e-30
     23 3e-29
     20 3e-28
     24 3e-27
     20 3e-26
     25 3e-25
     20 3e-24
     25 3e-23
     21 3e-22
     32 3e-21
     41 3e-20
     12 3e-19
      1 3e-180
     39 3e-18
      4 3e-179
      1 3e-178
      1 3e-176
      2 3e-175
      2 3e-173
      1 3e-172
      2 3e-170
     25 3e-17
      1 3e-169
      1 3e-167
      5 3e-166
      2 3e-165
      1 3e-164
      5 3e-163
      4 3e-162
      3 3e-161
      2 3e-160
     35 3e-16
      5 3e-159
      3 3e-158
      1 3e-157
      3 3e-156
      8 3e-155
      3 3e-154
      2 3e-153
      2 3e-152
      4 3e-151
      1 3e-150
     49 3e-15
      3 3e-149
      3 3e-148
      8 3e-147
      2 3e-146
      5 3e-145
      3 3e-144
      5 3e-143
      5 3e-142
      2 3e-141
      8 3e-140
     48 3e-14
      1 3e-139
      7 3e-138
      3 3e-137
      4 3e-136
      1 3e-135
      3 3e-134
      7 3e-133
      6 3e-132
      4 3e-130
     47 3e-13
      4 3e-129
      6 3e-128
      3 3e-127
      4 3e-126
      5 3e-125
      3 3e-124
      4 3e-123
      4 3e-122
      3 3e-121
      3 3e-120
     57 3e-12
      5 3e-119
      3 3e-117
      4 3e-116
      4 3e-115
      8 3e-114
      2 3e-113
      3 3e-112
      3 3e-111
      4 3e-110
     37 3e-11
     10 3e-109
      6 3e-108
      3 3e-107
      4 3e-106
      7 3e-105
      5 3e-104
      4 3e-103
      3 3e-102
      6 3e-101
      2 3e-100
     48 3e-10
     30 3e-09
     32 3e-08
     44 3e-07
     43 3e-06
     56 3e-05
     71 3e-04
     82 3.0
     76 2.9
     75 2.8
     72 2.7
     83 2.6
     98 2.5
     84 2.4
    110 2.3
    120 2.2
    104 2.1
      9 2e-99
      9 2e-98
      8 2e-97
      9 2e-96
      5 2e-95
      3 2e-94
      4 2e-93
     22 2e-92
     12 2e-91
     10 2e-90
      7 2e-89
      7 2e-88
     10 2e-87
      5 2e-86
      7 2e-85
      9 2e-84
     12 2e-83
     15 2e-82
     17 2e-81
     10 2e-80
     12 2e-79
      9 2e-78
     11 2e-77
      8 2e-76
     16 2e-75
     17 2e-74
     20 2e-73
     14 2e-72
      8 2e-71
     15 2e-70
     18 2e-69
     12 2e-68
     11 2e-67
     12 2e-66
     17 2e-65
     14 2e-64
     16 2e-63
     21 2e-62
     23 2e-61
     22 2e-60
     22 2e-59
     24 2e-58
     20 2e-57
     15 2e-56
     23 2e-55
     22 2e-54
     28 2e-53
     23 2e-52
     21 2e-51
     13 2e-50
     24 2e-49
     22 2e-48
     14 2e-47
     32 2e-46
     25 2e-45
     26 2e-44
     24 2e-43
     24 2e-42
     39 2e-41
     30 2e-40
     37 2e-39
     38 2e-38
     32 2e-37
     38 2e-36
     29 2e-35
     29 2e-34
     28 2e-33
     34 2e-32
     33 2e-31
     24 2e-30
     37 2e-29
     29 2e-28
     31 2e-27
     21 2e-26
     49 2e-25
     27 2e-24
     40 2e-23
     42 2e-22
     49 2e-21
     41 2e-20
     36 2e-19
      4 2e-180
     36 2e-18
      3 2e-179
      2 2e-178
      2 2e-177
      6 2e-176
      2 2e-175
      2 2e-174
      1 2e-173
      1 2e-172
      3 2e-171
      4 2e-170
     44 2e-17
      2 2e-169
      4 2e-168
      2 2e-167
      1 2e-166
      3 2e-165
      5 2e-164
      9 2e-163
      7 2e-162
      4 2e-161
      1 2e-160
     51 2e-16
      8 2e-159
      9 2e-158
      3 2e-157
      2 2e-156
      6 2e-155
      4 2e-154
      5 2e-153
      1 2e-152
      3 2e-151
      4 2e-150
     60 2e-15
      4 2e-149
      8 2e-148
     14 2e-147
      8 2e-146
      9 2e-145
      4 2e-144
      5 2e-143
      4 2e-142
      5 2e-141
      7 2e-140
     57 2e-14
      4 2e-139
      7 2e-138
      5 2e-137
      2 2e-136
      6 2e-135
      5 2e-134
      4 2e-133
     12 2e-132
      7 2e-131
     14 2e-130
     61 2e-13
      7 2e-129
      5 2e-128
      2 2e-127
      8 2e-126
      9 2e-125
      9 2e-124
      9 2e-123
      3 2e-122
      5 2e-121
      4 2e-120
     47 2e-12
     10 2e-119
      7 2e-118
      3 2e-117
      4 2e-116
      8 2e-115
      8 2e-114
      6 2e-113
      6 2e-112
      6 2e-111
     12 2e-110
     52 2e-11
      7 2e-109
     12 2e-108
      5 2e-107
     10 2e-106
      7 2e-105
      8 2e-104
     16 2e-103
      5 2e-102
      8 2e-101
     11 2e-100
     73 2e-10
     76 2e-09
     67 2e-08
     66 2e-07
     74 2e-06
     77 2e-05
     98 2e-04
    113 2.0
    104 1.9
    101 1.8
    105 1.7
    115 1.6
    114 1.5
    124 1.4
    117 1.3
    110 1.2
    129 1.1
      9 1e-99
      9 1e-98
     11 1e-97
      9 1e-96
      5 1e-95
      8 1e-94
     13 1e-93
      4 1e-92
      7 1e-91
      9 1e-90
      9 1e-89
      5 1e-88
      9 1e-87
      8 1e-86
     10 1e-85
      4 1e-84
      8 1e-83
     11 1e-82
     15 1e-81
     10 1e-80
     14 1e-79
      6 1e-78
      7 1e-77
     26 1e-76
      9 1e-75
      5 1e-74
      7 1e-73
     13 1e-72
     15 1e-71
     12 1e-70
     15 1e-69
     13 1e-68
     13 1e-67
     15 1e-66
     27 1e-65
     16 1e-64
     16 1e-63
     19 1e-62
     19 1e-61
     13 1e-60
     17 1e-59
     20 1e-58
     22 1e-57
     23 1e-56
     18 1e-55
     13 1e-54
     18 1e-53
     23 1e-52
     25 1e-51
     18 1e-50
     22 1e-49
     18 1e-48
     21 1e-47
     18 1e-46
     23 1e-45
     15 1e-44
     15 1e-43
     17 1e-42
     18 1e-41
     21 1e-40
     36 1e-39
     24 1e-38
     19 1e-37
     24 1e-36
     21 1e-35
     34 1e-34
     33 1e-33
     20 1e-32
     25 1e-31
     20 1e-30
     33 1e-29
     32 1e-28
     22 1e-27
     22 1e-26
     35 1e-25
     37 1e-24
     31 1e-23
     42 1e-22
     29 1e-21
     34 1e-20
     36 1e-19
      6 1e-180
     55 1e-18
      4 1e-179
      1 1e-178
      9 1e-177
      4 1e-176
      2 1e-175
      3 1e-174
      1 1e-173
      2 1e-172
      6 1e-171
      6 1e-170
     42 1e-17
      3 1e-169
      4 1e-168
      1 1e-167
      6 1e-166
      3 1e-164
      3 1e-163
      3 1e-162
      6 1e-161
      4 1e-160
     29 1e-16
      4 1e-159
      4 1e-158
      9 1e-157
      2 1e-156
      5 1e-155
      4 1e-154
      1 1e-153
      3 1e-152
      9 1e-151
      3 1e-150
     61 1e-15
      3 1e-149
      4 1e-148
     11 1e-147
      4 1e-146
      3 1e-145
      3 1e-144
      2 1e-143
      3 1e-142
      4 1e-141
      6 1e-140
     52 1e-14
      7 1e-139
      4 1e-138
      4 1e-137
      8 1e-136
      4 1e-135
      4 1e-133
      5 1e-132
      2 1e-131
     11 1e-130
     44 1e-13
      3 1e-129
      3 1e-128
     10 1e-127
      8 1e-126
      4 1e-125
      5 1e-124
      9 1e-123
     10 1e-122
      5 1e-121
      8 1e-120
     52 1e-12
     11 1e-119
      7 1e-118
      4 1e-117
      7 1e-116
      4 1e-115
      2 1e-114
      6 1e-113
      7 1e-112
      7 1e-111
      7 1e-110
     54 1e-11
      8 1e-109
      9 1e-108
      6 1e-107
      4 1e-106
      9 1e-105
     12 1e-104
      6 1e-103
      6 1e-102
      8 1e-101
      2 1e-100
     73 1e-10
     58 1e-09
     78 1e-08
     53 1e-07
     60 1e-06
     73 1e-05
     86 1e-04
      5 1.00
     65 1.0
     17 0.99
     12 0.98
     11 0.97
     10 0.96
     13 0.95
     21 0.94
     13 0.93
     13 0.92
     12 0.91
      6 0.90
      4 0.89
     12 0.88
     13 0.87
     13 0.86
     12 0.85
     14 0.84
     11 0.83
     18 0.82
     10 0.81
     13 0.80
     14 0.79
     14 0.78
     13 0.77
     15 0.76
     14 0.75
      9 0.74
     22 0.73
     14 0.72
     14 0.71
     15 0.70
     22 0.69
     12 0.68
     15 0.67
     18 0.66
     15 0.65
     11 0.64
     14 0.63
     21 0.62
     13 0.61
     20 0.60
     12 0.59
     20 0.58
     14 0.57
     26 0.56
     12 0.55
     16 0.54
     23 0.53
     18 0.52
     17 0.51
     25 0.50
     21 0.49
     16 0.48
     15 0.47
     24 0.46
     21 0.45
     25 0.44
     22 0.43
     19 0.42
     28 0.41
     25 0.40
     19 0.39
     29 0.38
     26 0.37
     26 0.36
     24 0.35
     27 0.34
     23 0.33
     20 0.32
     21 0.31
     27 0.30
     21 0.29
     30 0.28
     26 0.27
     29 0.26
     14 0.25
     25 0.24
     33 0.23
     20 0.22
     16 0.21
     27 0.20
     26 0.19
     30 0.18
     34 0.17
     30 0.16
     31 0.15
     39 0.14
     44 0.13
     45 0.12
     43 0.11
      5 0.100
     31 0.10
      2 0.099
      4 0.098
      6 0.097
      4 0.096
      4 0.095
      4 0.094
      2 0.093
      4 0.092
      3 0.091
      7 0.090
      5 0.089
      4 0.088
      8 0.087
      1 0.086
      7 0.085
      4 0.084
      3 0.083
      3 0.082
      5 0.081
      5 0.080
      8 0.079
      4 0.078
      4 0.077
      8 0.076
      3 0.075
      3 0.074
      5 0.073
      7 0.072
      6 0.071
      4 0.070
      6 0.068
      6 0.067
      4 0.066
      6 0.065
      5 0.064
      2 0.063
      4 0.062
      6 0.061
     10 0.060
     10 0.059
      8 0.058
      5 0.057
      5 0.056
      4 0.055
      6 0.054
      4 0.053
      3 0.052
      4 0.051
      8 0.050
      8 0.049
     11 0.048
      7 0.047
      5 0.046
      7 0.045
      4 0.044
      7 0.043
      8 0.042
      5 0.041
      9 0.040
      8 0.039
     12 0.038
      8 0.037
      9 0.036
      7 0.035
      7 0.034
      8 0.033
      7 0.032
     14 0.031
     15 0.030
      5 0.029
      8 0.028
     10 0.027
     13 0.026
      7 0.025
     21 0.024
     10 0.023
      8 0.022
     12 0.021
     17 0.020
     17 0.019
     15 0.018
     15 0.017
     11 0.016
     13 0.015
     19 0.014
     18 0.013
     20 0.012
     25 0.011
     30 0.010
     23 0.009
     36 0.008
     41 0.007
     35 0.006
     60 0.005
     72 0.004
     69 0.003
    105 0.002
    118 0.001
   1289 0.0
